42 27
-999993666
-999973500
-999980831
-999984276
-999988522
-999970642
-999973038
-999975536
-999994295
-999971855
-999976719
-999983173
-999990039
-999999509
-999997005
-999988058
-999995173
-999994564
-999967609
-999985396
-999996098
-999999847
-999999708
-999987618
-999982579
-999981284
-999980282
-999980105
-999994553
-999978274
-999985229
-999988462
-999998131
-999980088
-999974333
-999973701
-999982965
-999990106
-999971297
-999976189
-999968678
-999969667


-1999939320
74 0
-999984859
-999992289
-999971747
-999993132
-999974453
-999972356
-999967338
-999967243
-999979963
-999987141
-999991277
-999990259
-999972471
-999999222
-999987684
-999996965
-999977810
-999998158
-999999712
-999969894
-999990960
-999991058
-999980736
-999977352
-999972554
-999976195
-999984110
-999993271
-999975630
-999984650
-999984994
-999968899
-999975607
-999996452
-999980371
-999987377
-999975916
-999980046
-999981244
-999988160
-999995034
-999992624
-999986069
-999973692
-999983056
-999967561
-999975374
-999988677
-999994463
-999978462
-999983882
-999997918
-999977071
-999983459
-999995167
-999968885
-999995361
-999970342
-999977296
-999990070
-999986023
-999997694
-999968327
-999977614
-999994979
-999971255
-999973076
-999980928
-999993730
-999994171
-999973223
-999984427
-999994903
-999983488


-1999934581
87 64
-999990839
-999981364
-999977645
-999975233
-999976345
-999984426
-999995969
-999987948
-999972650
-999998850
-999983059
-999978276
-999986034
-999996570
-999968893
-999969809
-999981993
-999988663
-999984543
-999987713
-999972247
-999989617
-999985055
-999991091
-999967791
-999990242
-999975779
-999981412
-999993578
-999975054
-999972494
-999986970
-999983587
-999970832
-999999100
-999967409
-999981238
-999998345
-999982590
-999993641
-999972376
-999979463
-999978452
-999993517
-999972405
-999995959
-999996398
-999975650
-999989709
-999969164
-999990626
-999988980
-999995404
-999975979
-999972652
-999976801
-999980332
-999975516
-999991719
-999995266
-999999947
-999998001
-999973582
-999972062
-999993100
-999996212
-999981873
-999999533
-999996272
-999985107
-999975352
-999977517
-999982193
-999997579
-999985690
-999993383
-999977187
-999990486
-999985691
-999992384
-999981065
-999982549
-999979400
-999994751
-999983481
-999968444
-999977202


-1999937337
